time	subjects	deaths
1	4487	3
3	7160	21
5	8786	37
7	9624	56
9	9895	80
11	9837	103
13	9545	123
15	9246	144
17	8853	170
19	8366	201
21	7803	221
23	7242	239
25	6751	256
27	6297	267
29	5798	280
31	5390	293
33	4949	302
35	4556	319
37	4241	330
39	3948	338
41	3712	343
43	3416	352
45	3156	360
47	2900	366
49	2680	371
51	2478	376
56	2019	396
61	1613	408
66	1359	417
71	1139	424
76	919	430
81	776	434
86	655	437
91	538	440
96	442	444
101	363	446
121	153	453
141	50	454
161	19	455
181	4	456
201	1	456
221	0	456
241	0	456
261	0	456
281	0	456
301	0	456
321	0	456
341	0	456
361	0	456
381	0	456
401	0	456
421	0	456
441	0	456
461	0	456
481	0	456
501	0	456
521	0	456
541	0	456
561	0	456
581	0	456
