time	subjects	deaths
1	4506	5
3	7257	26
5	8694	41
7	9398	60
9	9481	90
11	9269	122
13	8829	144
15	8391	165
17	7888	185
19	7286	203
21	6747	222
23	6275	243
25	5766	250
27	5265	261
29	4767	274
31	4379	288
33	4020	299
35	3669	313
37	3312	318
39	3002	329
41	2716	340
43	2473	348
45	2235	351
47	1995	357
49	1765	362
51	1606	369
56	1258	383
61	974	390
66	756	395
71	567	397
76	449	402
81	372	406
86	307	407
91	251	409
96	224	410
101	177	411
121	62	414
141	11	416
161	2	417
181	1	417
201	0	417
221	0	417
241	0	417
261	0	417
281	0	417
301	0	417
321	0	417
341	0	417
361	0	417
381	0	417
401	0	417
421	0	417
441	0	417
461	0	417
481	0	417
501	0	417
521	0	417
541	0	417
561	0	417
581	0	417
